#AUTOMATICALLY GENERATED FILE - DO NOT MODIFY BY HAND
#Generate_Packings base class input parameters
[PACKING]
seed_takestep: 42
seed_swap: 44
seed_generate_packing: 43
seed_probability_step_pattern: 46
method: direct
nparticles: 16
packing_fraction: 0.4
boxdim: 3
ndim: 48
radii_mean: 1
radii_stdev: 0.2
max_iter: 10
boxv: 5.6933938291277757 5.6933938291277757 5.6933938291277757 
distance_method: PERIODIC
pot_kwargs: {}
[CODEVERSION]
basinvolume_version: 941d0165574518cda73cd937853bb0153588b324
mcpele_version: 3706223f51c83bccd98d3615cc10499df0a8520c
pele_version: 764c9678251d3409f7a0954ab3a27be77bc7d5f3
python_version: 2.7.17
cython_version: 0.29.14
